Row 1	-3.68E+06 0.00E+00 1.39E+07 0.00E+00 0.00E+00 0.00E+00-1.21E-10 1.38E-10 0.00E+00 0.00E+00 1.39E+07 0.00E+00-1.60E-11-2.42E-11 0.00E+00 0.00E+00 0.00E+00 0.00E+00 1.39E+07 0.00E+00= 1.0
Row 2	 0.00E+00 0.00E+00-2.95E+04 0.00E+00 0.00E+00 0.00E+00-1.21E-10-1.38E-10 0.00E+00 0.00E+00-2.95E+04 0.00E+00-1.60E-11 2.42E-11 0.00E+00 0.00E+00 0.00E+00 0.00E+00-2.95E+04 0.00E+00= 0.0
Row 3	 1.23E+06 0.00E+00-1.39E+07 0.00E+00-6.84E-12-1.59E-11 6.17E-11-6.96E-11-9.12E-12 8.28E-12 0.00E+00 0.00E+00 0.00E+00 0.00E+00 5.95E-11 6.86E-11 0.00E+00 0.00E+00 0.00E+00 0.00E+00= 0.0
Row 4	-9.84E+03 0.00E+00 0.00E+00 0.00E+00 0.00E+00 0.00E+00 0.00E+00 0.00E+00 0.00E+00 0.00E+00 0.00E+00 0.00E+00 0.00E+00 0.00E+00 0.00E+00 0.00E+00 0.00E+00 0.00E+00 0.00E+00 0.00E+00= 0.0
Row 5	 3.04E-12 0.00E+00-4.56E-12 0.00E+00-1.39E+07-2.95E+04 6.84E-12 1.59E-11 0.00E+00 0.00E+00-4.56E-12 0.00E+00 0.00E+00 0.00E+00 0.00E+00 0.00E+00 5.95E-11 6.86E-11 0.00E+00 0.00E+00= 0.0
Row 6	 2.76E-12 0.00E+00-4.14E-12 0.00E+00 0.00E+00 0.00E+00 0.00E+00 0.00E+00 0.00E+00 0.00E+00 4.14E-12 0.00E+00 0.00E+00 0.00E+00 0.00E+00 0.00E+00 0.00E+00 0.00E+00 0.00E+00 0.00E+00= 0.0
Row 7	-1.98E-11 0.00E+00 2.97E-11 0.00E+00 9.12E-12-8.28E-12-1.39E+07-2.95E+04 0.00E+00 0.00E+00 0.00E+00 0.00E+00 0.00E+00 0.00E+00 0.00E+00 0.00E+00 0.00E+00 0.00E+00 2.97E-11 0.00E+00= 0.0
Row 8	 2.29E-11 0.00E+00-3.43E-11 0.00E+00 0.00E+00 0.00E+00 0.00E+00 0.00E+00 0.00E+00 0.00E+00 0.00E+00 0.00E+00 0.00E+00 0.00E+00 0.00E+00 0.00E+00 0.00E+00 0.00E+00 3.43E-11 0.00E+00= 0.0
Row 9	 2.28E-12 0.00E+00-3.42E-12 0.00E+00 0.00E+00 0.00E+00 0.00E+00 0.00E+00-1.39E+07-2.95E+04-3.42E-12 0.00E+00 6.17E-11-6.96E-11 9.12E-12-8.28E-12 0.00E+00 0.00E+00 0.00E+00 0.00E+00= 0.0
Row 10	-5.31E-12 0.00E+00-7.97E-12 0.00E+00 0.00E+00 0.00E+00 0.00E+00 0.00E+00 0.00E+00 0.00E+00 7.97E-12 0.00E+00 0.00E+00 0.00E+00 0.00E+00 0.00E+00 0.00E+00 0.00E+00 0.00E+00 0.00E+00= 0.0
Row 11	 1.23E+06 0.00E+00 0.00E+00 0.00E+00 0.00E+00 0.00E+00 0.00E+00 0.00E+00 0.00E+00 0.00E+00-1.39E+07 0.00E+00 6.84E-12 1.59E-11 0.00E+00 0.00E+00 9.12E-12-8.28E-12 0.00E+00 0.00E+00= 0.0
Row 12	-9.84E+03 0.00E+00 0.00E+00 0.00E+00 0.00E+00 0.00E+00 0.00E+00 0.00E+00 0.00E+00 0.00E+00 0.00E+00 0.00E+00 0.00E+00 0.00E+00 0.00E+00 0.00E+00 0.00E+00 0.00E+00 0.00E+00 0.00E+00= 0.0
Row 13	-3.04E-12 0.00E+00 0.00E+00 0.00E+00 0.00E+00 0.00E+00 0.00E+00 0.00E+00 0.00E+00 0.00E+00 4.56E-12 0.00E+00-1.39E+07-2.95E+04 0.00E+00 0.00E+00 0.00E+00 0.00E+00 4.56E-12 0.00E+00= 0.0
Row 14	-2.76E-12 0.00E+00 0.00E+00 0.00E+00 0.00E+00 0.00E+00 0.00E+00 0.00E+00 0.00E+00 0.00E+00 4.14E-12 0.00E+00 0.00E+00 0.00E+00 0.00E+00 0.00E+00 0.00E+00 0.00E+00-4.14E-12 0.00E+00= 0.0
Row 15	-2.06E-11 0.00E+00 3.08E-11 0.00E+00 0.00E+00 0.00E+00 0.00E+00 0.00E+00 6.84E-12 1.59E-11 0.00E+00 0.00E+00 0.00E+00 0.00E+00-1.39E+07-2.95E+04 0.00E+00 0.00E+00 3.08E-11 0.00E+00= 0.0
Row 16	-2.32E-11 0.00E+00-3.48E-11 0.00E+00 0.00E+00 0.00E+00 0.00E+00 0.00E+00 0.00E+00 0.00E+00 0.00E+00 0.00E+00 0.00E+00 0.00E+00 0.00E+00 0.00E+00 0.00E+00 0.00E+00 3.48E-11 0.00E+00= 0.0
Row 17	-2.28E-12 0.00E+00 0.00E+00 0.00E+00 0.00E+00 0.00E+00 0.00E+00 0.00E+00 0.00E+00 0.00E+00 3.42E-12 0.00E+00 0.00E+00 0.00E+00 0.00E+00 0.00E+00-1.39E+07-2.95E+04 3.42E-12 0.00E+00= 0.0
Row 18	 5.31E-12 0.00E+00 0.00E+00 0.00E+00 0.00E+00 0.00E+00 0.00E+00 0.00E+00 0.00E+00 0.00E+00 7.97E-12 0.00E+00 0.00E+00 0.00E+00 0.00E+00 0.00E+00 0.00E+00 0.00E+00-7.97E-12 0.00E+00= 0.0
Row 19	 1.23E+06 0.00E+00 0.00E+00 0.00E+00 0.00E+00 0.00E+00 0.00E+00 0.00E+00 0.00E+00 0.00E+00 0.00E+00 0.00E+00 0.00E+00 0.00E+00 0.00E+00 0.00E+00 0.00E+00 0.00E+00-1.39E+07 0.00E+00= 0.0
Row 20	-9.84E+03 0.00E+00 0.00E+00 0.00E+00 0.00E+00 0.00E+00 0.00E+00 0.00E+00 0.00E+00 0.00E+00 0.00E+00 0.00E+00 0.00E+00 0.00E+00 0.00E+00 0.00E+00 0.00E+00 0.00E+00 0.00E+00 0.00E+00= 0.0
