0.02400257562602207 89.92161539145432 22.5
0.02400257562602207 89.92161539145432 67.5
0.02400257562602207 89.92161539145432 112.5
0.02400257562602207 89.92161539145432 157.5
0.02400257562602207 89.92161539145432 202.49999999999997
0.02400257562602207 89.92161539145432 247.49999999999997
0.02400257562602207 89.92161539145432 292.50000000000006
0.02400257562602207 89.92161539145432 337.49999999999994
0.00039062739029629946 89.58779661318802 22.5
0.00039062739029629946 89.58779661318802 67.5
0.00039062739029629946 89.58779661318802 112.5
0.00039062739029629946 89.58779661318802 157.5
0.00039062739029629946 89.58779661318802 202.49999999999997
0.00039062739029629946 89.58779661318802 247.49999999999997
0.00039062739029629946 89.58779661318802 292.50000000000006
0.00039062739029629946 89.58779661318802 337.49999999999994
0.0006193938040924461 88.99046074722756 22.5
0.0006193938040924461 88.99046074722756 67.5
0.0006193938040924461 88.99046074722756 112.5
0.0006193938040924461 88.99046074722756 157.5
0.0006193938040924461 88.99046074722756 202.49999999999997
0.0006193938040924461 88.99046074722756 247.49999999999997
0.0006193938040924461 88.99046074722756 292.50000000000006
0.0006193938040924461 88.99046074722756 337.49999999999994
0.0008572783145214352 88.13486705006278 22.5
0.0008572783145214352 88.13486705006278 67.5
0.0008572783145214352 88.13486705006278 112.5
0.0008572783145214352 88.13486705006278 157.5
0.0008572783145214352 88.13486705006278 202.49999999999997
0.0008572783145214352 88.13486705006278 247.49999999999997
0.0008572783145214352 88.13486705006278 292.50000000000006
0.0008572783145214352 88.13486705006278 337.49999999999994
0.0011081593331276958 87.02848798210798 22.5
0.0011081593331276958 87.02848798210798 67.5
0.0011081593331276958 87.02848798210798 112.5
0.0011081593331276958 87.02848798210798 157.5
0.0011081593331276958 87.02848798210798 202.49999999999997
0.0011081593331276958 87.02848798210798 247.49999999999997
0.0011081593331276958 87.02848798210798 292.50000000000006
0.0011081593331276958 87.02848798210798 337.49999999999994
0.0013758274005845478 85.68060977759376 22.5
0.0013758274005845478 85.68060977759376 67.5
0.0013758274005845478 85.68060977759376 112.5
0.0013758274005845478 85.68060977759376 157.5
0.0013758274005845478 85.68060977759376 202.49999999999997
0.0013758274005845478 85.68060977759376 247.49999999999997
0.0013758274005845478 85.68060977759376 292.50000000000006
0.0013758274005845478 85.68060977759376 337.49999999999994
0.0016639206803770064 84.10198347033574 22.5
0.0016639206803770064 84.10198347033574 67.5
0.0016639206803770064 84.10198347033574 112.5
0.0016639206803770064 84.10198347033574 157.5
0.0016639206803770064 84.10198347033574 202.49999999999997
0.0016639206803770064 84.10198347033574 247.49999999999997
0.0016639206803770064 84.10198347033574 292.50000000000006
0.0016639206803770064 84.10198347033574 337.49999999999994
0.0019758371701940796 82.30446604649929 22.5
0.0019758371701940796 82.30446604649929 67.5
0.0019758371701940796 82.30446604649929 112.5
0.0019758371701940796 82.30446604649929 157.5
0.0019758371701940796 82.30446604649929 202.49999999999997
0.0019758371701940796 82.30446604649929 247.49999999999997
0.0019758371701940796 82.30446604649929 292.50000000000006
0.0019758371701940796 82.30446604649929 337.49999999999994
0.0023146038250031692 80.3006692148267 22.5
0.0023146038250031692 80.3006692148267 67.5
0.0023146038250031692 80.3006692148267 112.5
0.0023146038250031692 80.3006692148267 157.5
0.0023146038250031692 80.3006692148267 202.49999999999997
0.0023146038250031692 80.3006692148267 247.49999999999997
0.0023146038250031692 80.3006692148267 292.50000000000006
0.0023146038250031692 80.3006692148267 337.49999999999994
0.002682693656456158 78.10363408259511 22.5
0.002682693656456158 78.10363408259511 67.5
0.002682693656456158 78.10363408259511 112.5
0.002682693656456158 78.10363408259511 157.5
0.002682693656456158 78.10363408259511 202.49999999999997
0.002682693656456158 78.10363408259511 247.49999999999997
0.002682693656456158 78.10363408259511 292.50000000000006
0.002682693656456158 78.10363408259511 337.49999999999994
0.0030817844909078887 75.72654488088837 22.5
0.0030817844909078887 75.72654488088837 67.5
0.0030817844909078887 75.72654488088837 112.5
0.0030817844909078887 75.72654488088837 157.5
0.0030817844909078887 75.72654488088837 202.49999999999997
0.0030817844909078887 75.72654488088837 247.49999999999997
0.0030817844909078887 75.72654488088837 292.50000000000006
0.0030817844909078887 75.72654488088837 337.49999999999994
0.0035124561756083427 73.1824891137331 22.5
0.0035124561756083427 73.1824891137331 67.5
0.0035124561756083427 73.1824891137331 112.5
0.0035124561756083427 73.1824891137331 157.5
0.0035124561756083427 73.1824891137331 202.49999999999997
0.0035124561756083427 73.1824891137331 247.49999999999997
0.0035124561756083427 73.1824891137331 292.50000000000006
0.0035124561756083427 73.1824891137331 337.49999999999994
0.003973827896319005 70.48426640507093 22.5
0.003973827896319005 70.48426640507093 67.5
0.003973827896319005 70.48426640507093 112.5
0.003973827896319005 70.48426640507093 157.5
0.003973827896319005 70.48426640507093 202.49999999999997
0.003973827896319005 70.48426640507093 247.49999999999997
0.003973827896319005 70.48426640507093 292.50000000000006
0.003973827896319005 70.48426640507093 337.49999999999994
0.004463144439869141 67.644244388579 22.5
0.004463144439869141 67.644244388579 67.5
0.004463144439869141 67.644244388579 112.5
0.004463144439869141 67.644244388579 157.5
0.004463144439869141 67.644244388579 202.49999999999997
0.004463144439869141 67.644244388579 247.49999999999997
0.004463144439869141 67.644244388579 292.50000000000006
0.004463144439869141 67.644244388579 337.49999999999994
0.004975329948448581 64.67425734342643 22.5
0.004975329948448581 64.67425734342643 67.5
0.004975329948448581 64.67425734342643 112.5
0.004975329948448581 64.67425734342643 157.5
0.004975329948448581 64.67425734342643 202.49999999999997
0.004975329948448581 64.67425734342643 247.49999999999997
0.004975329948448581 64.67425734342643 292.50000000000006
0.004975329948448581 64.67425734342643 337.49999999999994
0.005502539848172136 61.58554180644948 22.5
0.005502539848172136 61.58554180644948 67.5
0.005502539848172136 61.58554180644948 112.5
0.005502539848172136 61.58554180644948 157.5
0.005502539848172136 61.58554180644948 202.49999999999997
0.005502539848172136 61.58554180644948 247.49999999999997
0.005502539848172136 61.58554180644948 292.50000000000006
0.005502539848172136 61.58554180644948 337.49999999999994
0.005502539848172136 58.38870285252558 22.5
0.005502539848172136 58.38870285252558 67.5
0.005502539848172136 58.38870285252558 112.5
0.005502539848172136 58.38870285252558 157.5
0.005502539848172136 58.38870285252558 202.49999999999997
0.005502539848172136 58.38870285252558 247.49999999999997
0.005502539848172136 58.38870285252558 292.50000000000006
0.005502539848172136 58.38870285252558 337.49999999999994
0.004975329948448581 55.093704862907224 22.5
0.004975329948448581 55.093704862907224 67.5
0.004975329948448581 55.093704862907224 112.5
0.004975329948448581 55.093704862907224 157.5
0.004975329948448581 55.093704862907224 202.49999999999997
0.004975329948448581 55.093704862907224 247.49999999999997
0.004975329948448581 55.093704862907224 292.50000000000006
0.004975329948448581 55.093704862907224 337.49999999999994
0.004463144439869141 51.709881151296266 22.5
0.004463144439869141 51.709881151296266 67.5
0.004463144439869141 51.709881151296266 112.5
0.004463144439869141 51.709881151296266 157.5
0.004463144439869141 51.709881151296266 202.49999999999997
0.004463144439869141 51.709881151296266 247.49999999999997
0.004463144439869141 51.709881151296266 292.50000000000006
0.004463144439869141 51.709881151296266 337.49999999999994
0.003973827896319005 48.24595759461815 22.5
0.003973827896319005 48.24595759461815 67.5
0.003973827896319005 48.24595759461815 112.5
0.003973827896319005 48.24595759461815 157.5
0.003973827896319005 48.24595759461815 202.49999999999997
0.003973827896319005 48.24595759461815 247.49999999999997
0.003973827896319005 48.24595759461815 292.50000000000006
0.003973827896319005 48.24595759461815 337.49999999999994
0.0035124561756083427 44.71008628313636 22.5
0.0035124561756083427 44.71008628313636 67.5
0.0035124561756083427 44.71008628313636 112.5
0.0035124561756083427 44.71008628313636 157.5
0.0035124561756083427 44.71008628313636 202.49999999999997
0.0035124561756083427 44.71008628313636 247.49999999999997
0.0035124561756083427 44.71008628313636 292.50000000000006
0.0035124561756083427 44.71008628313636 337.49999999999994
0.0030817844909078887 41.10988608344389 22.5
0.0030817844909078887 41.10988608344389 67.5
0.0030817844909078887 41.10988608344389 112.5
0.0030817844909078887 41.10988608344389 157.5
0.0030817844909078887 41.10988608344389 202.49999999999997
0.0030817844909078887 41.10988608344389 247.49999999999997
0.0030817844909078887 41.10988608344389 292.50000000000006
0.0030817844909078887 41.10988608344389 337.49999999999994
0.002682693656456158 37.45248787537939 22.5
0.002682693656456158 37.45248787537939 67.5
0.002682693656456158 37.45248787537939 112.5
0.002682693656456158 37.45248787537939 157.5
0.002682693656456158 37.45248787537939 202.49999999999997
0.002682693656456158 37.45248787537939 247.49999999999997
0.002682693656456158 37.45248787537939 292.50000000000006
0.002682693656456158 37.45248787537939 337.49999999999994
0.0023146038250031692 33.74458312615907 22.5
0.0023146038250031692 33.74458312615907 67.5
0.0023146038250031692 33.74458312615907 112.5
0.0023146038250031692 33.74458312615907 157.5
0.0023146038250031692 33.74458312615907 202.49999999999997
0.0023146038250031692 33.74458312615907 247.49999999999997
0.0023146038250031692 33.74458312615907 292.50000000000006
0.0023146038250031692 33.74458312615907 337.49999999999994
0.0019758371701940796 29.99247556828677 22.5
0.0019758371701940796 29.99247556828677 67.5
0.0019758371701940796 29.99247556828677 112.5
0.0019758371701940796 29.99247556828677 157.5
0.0019758371701940796 29.99247556828677 202.49999999999997
0.0019758371701940796 29.99247556828677 247.49999999999997
0.0019758371701940796 29.99247556828677 292.50000000000006
0.0019758371701940796 29.99247556828677 337.49999999999994
0.0016639206803770064 26.20213750861532 22.5
0.0016639206803770064 26.20213750861532 67.5
0.0016639206803770064 26.20213750861532 112.5
0.0016639206803770064 26.20213750861532 157.5
0.0016639206803770064 26.20213750861532 202.49999999999997
0.0016639206803770064 26.20213750861532 247.49999999999997
0.0016639206803770064 26.20213750861532 292.50000000000006
0.0016639206803770064 26.20213750861532 337.49999999999994
0.0013758274005845478 22.37927602932913 22.5
0.0013758274005845478 22.37927602932913 67.5
0.0013758274005845478 22.37927602932913 112.5
0.0013758274005845478 22.37927602932913 157.5
0.0013758274005845478 22.37927602932913 202.49999999999997
0.0013758274005845478 22.37927602932913 247.49999999999997
0.0013758274005845478 22.37927602932913 292.50000000000006
0.0013758274005845478 22.37927602932913 337.49999999999994
0.0011081593331276958 18.52942433260168 22.5
0.0011081593331276958 18.52942433260168 67.5
0.0011081593331276958 18.52942433260168 112.5
0.0011081593331276958 18.52942433260168 157.5
0.0011081593331276958 18.52942433260168 202.49999999999997
0.0011081593331276958 18.52942433260168 247.49999999999997
0.0011081593331276958 18.52942433260168 292.50000000000006
0.0011081593331276958 18.52942433260168 337.49999999999994
0.0008572783145214352 14.65810623691977 22.5
0.0008572783145214352 14.65810623691977 67.5
0.0008572783145214352 14.65810623691977 112.5
0.0008572783145214352 14.65810623691977 157.5
0.0008572783145214352 14.65810623691977 202.49999999999997
0.0008572783145214352 14.65810623691977 247.49999999999997
0.0008572783145214352 14.65810623691977 292.50000000000006
0.0008572783145214352 14.65810623691977 337.49999999999994
0.0006193938040924461 10.771257317695063 22.5
0.0006193938040924461 10.771257317695063 67.5
0.0006193938040924461 10.771257317695063 112.5
0.0006193938040924461 10.771257317695063 157.5
0.0006193938040924461 10.771257317695063 202.49999999999997
0.0006193938040924461 10.771257317695063 247.49999999999997
0.0006193938040924461 10.771257317695063 292.50000000000006
0.0006193938040924461 10.771257317695063 337.49999999999994
0.00039062739029629946 6.876871847458461 22.5
0.00039062739029629946 6.876871847458461 67.5
0.00039062739029629946 6.876871847458461 112.5
0.00039062739029629946 6.876871847458461 157.5
0.00039062739029629946 6.876871847458461 202.49999999999997
0.00039062739029629946 6.876871847458461 247.49999999999997
0.00039062739029629946 6.876871847458461 292.50000000000006
0.00039062739029629946 6.876871847458461 337.49999999999994
0.02400257562602207 2.9973756004545193 22.5
0.02400257562602207 2.9973756004545193 67.5
0.02400257562602207 2.9973756004545193 112.5
0.02400257562602207 2.9973756004545193 157.5
0.02400257562602207 2.9973756004545193 202.49999999999997
0.02400257562602207 2.9973756004545193 247.49999999999997
0.02400257562602207 2.9973756004545193 292.50000000000006
0.02400257562602207 2.9973756004545193 337.49999999999994
