1.086632315412929418e-03 7.010208666429264213e+00
1.330003588334984855e-03 7.008947507067534666e+00
1.627877594427127976e-03 7.007404679107426482e+00
1.992457940316474420e-03 7.005517496832157853e+00
2.438679719060248430e-03 7.003209434362546837e+00
2.984820468078601061e-03 7.000387124967967445e+00
3.653247625136025068e-03 6.996936737234952020e+00
4.471332936140257931e-03 6.992719612441434585e+00
5.472571051032215639e-03 6.987567033132073391e+00
6.697947847274210095e-03 6.981273980602873408e+00
8.197614160866282737e-03 6.973591731705781172e+00
1.003293301159924322e-02 6.964219146695536544e+00
1.227898337760607167e-02 6.952792520183962210e+00
1.502762224120122656e-02 6.938873900987515775e+00
1.839122844821719852e-02 6.921937875582207411e+00
2.250727937806574347e-02 6.901356929373594795e+00
2.754394414282105435e-02 6.876385706047737578e+00
3.370691756539562906e-02 6.846144779361412525e+00
4.124776877238728323e-02 6.809604990587625473e+00
5.047414268826645040e-02 6.765573936277554878e+00
6.176222583830608820e-02 6.712686992334794489e+00
7.557198524635644343e-02 6.649406064978480302e+00
9.246580129748586951e-02 6.574030116382770572e+00
1.131312401856649219e-01 6.484722552162633491e+00
1.384089047684782248e-01 6.379560276068869662e+00
1.693264764189207350e-01 6.256609298475071412e+00
2.071403212729088783e-01 6.114030259663017830e+00
2.533864116491305052e-01 5.950212622911527305e+00
3.099426432176961010e-01 5.763933930781173665e+00
3.791052150786198838e-01 5.554534055312829288e+00
4.636822101080836922e-01 5.322088414784413857e+00
5.671085041866581467e-01 5.067564181613403385e+00
6.935867403447838475e-01 4.792944025844196432e+00
8.482604160292943618e-01 4.501307209964309664e+00
1.037426070134587874e+00 4.196862268765216619e+00
1.268793972123799740e+00 3.884910826931158301e+00
1.551805946956372084e+00 3.571728991917126450e+00
1.898026107287198450e+00 3.264315191283344131e+00
2.321614584841685591e+00 2.969932451117689887e+00
2.839912030568631618e+00 2.695448856639801161e+00
3.474148384391359645e+00 2.446501138836457923e+00
4.250320412375603318e+00 2.226723469001277600e+00
5.200269011013987530e+00 2.037317913029331962e+00
6.363007905631741679e+00 1.877233249144948379e+00
7.786388503994955634e+00 1.743967105791649042e+00
9.529129805137662501e+00 1.634532363088124329e+00
1.166335240219045311e+01 1.546166058152894651e+00
1.427768985871569640e+01 1.476417963189532223e+00
1.748105086607666081e+01 1.422745164462177359e+00
2.140720319402009153e+01 1.382019807759589103e+00
