0.000000000000000000e+00 8.486064182617205631e-01
2.020202020202020166e-01 7.017095461725490146e+00
4.040404040404040331e-01 6.420592626635383660e+00
6.060606060606060774e-01 5.918311810943859719e+00
8.080808080808080662e-01 5.478783501438997838e+00
1.010101010101010166e+00 5.090377528803838203e+00
1.212121212121212155e+00 4.745503640734543893e+00
1.414141414141414144e+00 4.438267728976147630e+00
1.616161616161616132e+00 4.163806937064562952e+00
1.818181818181818121e+00 3.918008332120475501e+00
2.020202020202020332e+00 3.697351567964032082e+00
2.222222222222222321e+00 3.498803537065970470e+00
2.424242424242424310e+00 3.319739968665000429e+00
2.626262626262626299e+00 3.157883518602336181e+00
2.828282828282828287e+00 3.011253230486375276e+00
3.030303030303030276e+00 2.878122481464862048e+00
3.232323232323232265e+00 2.756983582040156033e+00
3.434343434343434254e+00 2.646517758356738081e+00
3.636363636363636243e+00 2.545569573562203480e+00
3.838383838383838231e+00 2.453125055859854520e+00
4.040404040404040664e+00 2.368292947122901282e+00
4.242424242424242209e+00 2.290288593369744330e+00
4.444444444444444642e+00 2.218420080771380754e+00
4.646464646464646187e+00 2.152076285988349102e+00
4.848484848484848619e+00 2.090716562250546584e+00
5.050505050505050164e+00 2.033861825751254848e+00
5.252525252525252597e+00 1.981086842707288742e+00
5.454545454545454142e+00 1.932013547329340941e+00
5.656565656565656575e+00 1.886305246058577190e+00
5.858585858585858119e+00 1.843661584609225468e+00
6.060606060606060552e+00 1.803814172283079387e+00
6.262626262626262097e+00 1.766522773228913934e+00
6.464646464646464530e+00 1.731571987245724920e+00
6.666666666666666963e+00 1.698768353733695502e+00
6.868686868686868507e+00 1.667937821779375662e+00
7.070707070707070940e+00 1.638923537370764461e+00
7.272727272727272485e+00 1.611583905582208098e+00
7.474747474747474918e+00 1.585790891423716653e+00
7.676767676767676463e+00 1.561428528062191345e+00
7.878787878787878896e+00 1.538391605417994024e+00
8.080808080808081328e+00 1.516584515825080581e+00
8.282828282828281985e+00 1.495920236606112841e+00
8.484848484848484418e+00 1.476319432131664167e+00
8.686868686868686851e+00 1.457709660269561169e+00
8.888888888888889284e+00 1.440024670141483165e+00
9.090909090909089940e+00 1.423203779836126337e+00
9.292929292929292373e+00 1.407191324221386486e+00
9.494949494949494806e+00 1.391936164286237343e+00
9.696969696969697239e+00 1.377391250555291213e+00
9.898989898989899672e+00 1.363513234080361958e+00
1.010101010101010033e+01 1.350262119344835643e+00
1.030303030303030276e+01 1.337600954136500597e+00
1.050505050505050519e+01 1.325495552068296501e+00
1.070707070707070763e+01 1.313914243967396311e+00
1.090909090909090828e+01 1.302827654822708237e+00
1.111111111111111072e+01 1.292208503388962981e+00
1.131313131313131315e+01 1.282031421900471369e+00
1.151515151515151558e+01 1.272272793656634482e+00
1.171717171717171624e+01 1.262910606510582179e+00
1.191919191919191867e+01 1.253924320527165293e+00
1.212121212121212110e+01 1.245294748281661867e+00
1.232323232323232354e+01 1.237003946449794833e+00
1.252525252525252419e+01 1.229035117496537710e+00
1.272727272727272663e+01 1.221372520408550377e+00
1.292929292929292906e+01 1.214001389535552589e+00
1.313131313131313149e+01 1.206907860711669223e+00
1.333333333333333393e+01 1.200078903920673623e+00
1.353535353535353458e+01 1.193502261850777124e+00
1.373737373737373701e+01 1.187166393756551752e+00
1.393939393939393945e+01 1.181060424109014795e+00
1.414141414141414188e+01 1.175174095570868715e+00
1.434343434343434254e+01 1.169497725883327677e+00
1.454545454545454497e+01 1.164022168294727821e+00
1.474747474747474740e+01 1.158738775199796178e+00
1.494949494949494984e+01 1.153639364692814695e+00
1.515151515151515049e+01 1.148716189768345997e+00
1.535353535353535293e+01 1.143961909930258258e+00
1.555555555555555536e+01 1.139369564993838235e+00
1.575757575757575779e+01 1.134932550887211011e+00
1.595959595959595845e+01 1.130644597277376429e+00
1.616161616161616266e+01 1.126499746863208085e+00
1.636363636363636331e+01 1.122492336192986828e+00
1.656565656565656397e+01 1.118616977877633367e+00
1.676767676767676818e+01 1.114868544083014168e+00
1.696969696969696884e+01 1.111242151195588557e+00
1.717171717171717304e+01 1.107733145565475530e+00
1.737373737373737370e+01 1.104337090239808417e+00
1.757575757575757436e+01 1.101049752607162313e+00
1.777777777777777857e+01 1.097867092880953299e+00
1.797979797979797922e+01 1.094785253356123089e+00
1.818181818181817988e+01 1.091800548379202374e+00
1.838383838383838409e+01 1.088909454977077917e+00
1.858585858585858475e+01 1.086108604094500496e+00
1.878787878787878896e+01 1.083394772394637995e+00
1.898989898989898961e+01 1.080764874580850243e+00
1.919191919191919027e+01 1.078215956201359793e+00
1.939393939393939448e+01 1.075745186901672978e+00
1.959595959595959513e+01 1.073349854092495947e+00
1.979797979797979934e+01 1.071027357003507596e+00
2.000000000000000000e+01 1.068775201095744531e+00
