0.00010966578139796137 177.00262439954548 11.25
0.00010966578139796137 177.00262439954548 33.75
0.00010966578139796137 177.00262439954548 56.25
0.00010966578139796137 177.00262439954548 78.75
0.00010966578139796137 177.00262439954548 101.24999999999999
0.00010966578139796137 177.00262439954548 123.74999999999999
0.00010966578139796137 177.00262439954548 146.25000000000003
0.00010966578139796137 177.00262439954548 168.74999999999997
0.00010966578139796137 177.00262439954548 191.25000000000003
0.00010966578139796137 177.00262439954548 213.74999999999997
0.00010966578139796137 177.00262439954548 236.25000000000003
0.00010966578139796137 177.00262439954548 258.75
0.00010966578139796137 177.00262439954548 281.25
0.00010966578139796137 177.00262439954548 303.75
0.00010966578139796137 177.00262439954548 326.25
0.00010966578139796137 177.00262439954548 348.75
0.0002542874176704019 173.12312815254157 11.25
0.0002542874176704019 173.12312815254157 33.75
0.0002542874176704019 173.12312815254157 56.25
0.0002542874176704019 173.12312815254157 78.75
0.0002542874176704019 173.12312815254157 101.24999999999999
0.0002542874176704019 173.12312815254157 123.74999999999999
0.0002542874176704019 173.12312815254157 146.25000000000003
0.0002542874176704019 173.12312815254157 168.74999999999997
0.0002542874176704019 173.12312815254157 191.25000000000003
0.0002542874176704019 173.12312815254157 213.74999999999997
0.0002542874176704019 173.12312815254157 236.25000000000003
0.0002542874176704019 173.12312815254157 258.75
0.0002542874176704019 173.12312815254157 281.25
0.0002542874176704019 173.12312815254157 303.75
0.0002542874176704019 173.12312815254157 326.25
0.0002542874176704019 173.12312815254157 348.75
0.0003967510204572213 169.22874268230495 11.25
0.0003967510204572213 169.22874268230495 33.75
0.0003967510204572213 169.22874268230495 56.25
0.0003967510204572213 169.22874268230495 78.75
0.0003967510204572213 169.22874268230495 101.24999999999999
0.0003967510204572213 169.22874268230495 123.74999999999999
0.0003967510204572213 169.22874268230495 146.25000000000003
0.0003967510204572213 169.22874268230495 168.74999999999997
0.0003967510204572213 169.22874268230495 191.25000000000003
0.0003967510204572213 169.22874268230495 213.74999999999997
0.0003967510204572213 169.22874268230495 236.25000000000003
0.0003967510204572213 169.22874268230495 258.75
0.0003967510204572213 169.22874268230495 281.25
0.0003967510204572213 169.22874268230495 303.75
0.0003967510204572213 169.22874268230495 326.25
0.0003967510204572213 169.22874268230495 348.75
0.00053552910801596 165.34189376308024 11.25
0.00053552910801596 165.34189376308024 33.75
0.00053552910801596 165.34189376308024 56.25
0.00053552910801596 165.34189376308024 78.75
0.00053552910801596 165.34189376308024 101.24999999999999
0.00053552910801596 165.34189376308024 123.74999999999999
0.00053552910801596 165.34189376308024 146.25000000000003
0.00053552910801596 165.34189376308024 168.74999999999997
0.00053552910801596 165.34189376308024 191.25000000000003
0.00053552910801596 165.34189376308024 213.74999999999997
0.00053552910801596 165.34189376308024 236.25000000000003
0.00053552910801596 165.34189376308024 258.75
0.00053552910801596 165.34189376308024 281.25
0.00053552910801596 165.34189376308024 303.75
0.00053552910801596 165.34189376308024 326.25
0.00053552910801596 165.34189376308024 348.75
0.0006693109065972928 161.47057566739832 11.25
0.0006693109065972928 161.47057566739832 33.75
0.0006693109065972928 161.47057566739832 56.25
0.0006693109065972928 161.47057566739832 78.75
0.0006693109065972928 161.47057566739832 101.24999999999999
0.0006693109065972928 161.47057566739832 123.74999999999999
0.0006693109065972928 161.47057566739832 146.25000000000003
0.0006693109065972928 161.47057566739832 168.74999999999997
0.0006693109065972928 161.47057566739832 191.25000000000003
0.0006693109065972928 161.47057566739832 213.74999999999997
0.0006693109065972928 161.47057566739832 236.25000000000003
0.0006693109065972928 161.47057566739832 258.75
0.0006693109065972928 161.47057566739832 281.25
0.0006693109065972928 161.47057566739832 303.75
0.0006693109065972928 161.47057566739832 326.25
0.0006693109065972928 161.47057566739832 348.75
0.0007968446759746282 157.6207239706709 11.25
0.0007968446759746282 157.6207239706709 33.75
0.0007968446759746282 157.6207239706709 56.25
0.0007968446759746282 157.6207239706709 78.75
0.0007968446759746282 157.6207239706709 101.24999999999999
0.0007968446759746282 157.6207239706709 123.74999999999999
0.0007968446759746282 157.6207239706709 146.25000000000003
0.0007968446759746282 157.6207239706709 168.74999999999997
0.0007968446759746282 157.6207239706709 191.25000000000003
0.0007968446759746282 157.6207239706709 213.74999999999997
0.0007968446759746282 157.6207239706709 236.25000000000003
0.0007968446759746282 157.6207239706709 258.75
0.0007968446759746282 157.6207239706709 281.25
0.0007968446759746282 157.6207239706709 303.75
0.0007968446759746282 157.6207239706709 326.25
0.0007968446759746282 157.6207239706709 348.75
0.0009169389606021122 153.79786249138468 11.25
0.0009169389606021122 153.79786249138468 33.75
0.0009169389606021122 153.79786249138468 56.25
0.0009169389606021122 153.79786249138468 78.75
0.0009169389606021122 153.79786249138468 101.24999999999999
0.0009169389606021122 153.79786249138468 123.74999999999999
0.0009169389606021122 153.79786249138468 146.25000000000003
0.0009169389606021122 153.79786249138468 168.74999999999997
0.0009169389606021122 153.79786249138468 191.25000000000003
0.0009169389606021122 153.79786249138468 213.74999999999997
0.0009169389606021122 153.79786249138468 236.25000000000003
0.0009169389606021122 153.79786249138468 258.75
0.0009169389606021122 153.79786249138468 281.25
0.0009169389606021122 153.79786249138468 303.75
0.0009169389606021122 153.79786249138468 326.25
0.0009169389606021122 153.79786249138468 348.75
0.0010284722308806541 150.00752443171322 11.25
0.0010284722308806541 150.00752443171322 33.75
0.0010284722308806541 150.00752443171322 56.25
0.0010284722308806541 150.00752443171322 78.75
0.0010284722308806541 150.00752443171322 101.24999999999999
0.0010284722308806541 150.00752443171322 123.74999999999999
0.0010284722308806541 150.00752443171322 146.25000000000003
0.0010284722308806541 150.00752443171322 168.74999999999997
0.0010284722308806541 150.00752443171322 191.25000000000003
0.0010284722308806541 150.00752443171322 213.74999999999997
0.0010284722308806541 150.00752443171322 236.25000000000003
0.0010284722308806541 150.00752443171322 258.75
0.0010284722308806541 150.00752443171322 281.25
0.0010284722308806541 150.00752443171322 303.75
0.0010284722308806541 150.00752443171322 326.25
0.0010284722308806541 150.00752443171322 348.75
0.0011304030329507607 146.25541687384094 11.25
0.0011304030329507607 146.25541687384094 33.75
0.0011304030329507607 146.25541687384094 56.25
0.0011304030329507607 146.25541687384094 78.75
0.0011304030329507607 146.25541687384094 101.24999999999999
0.0011304030329507607 146.25541687384094 123.74999999999999
0.0011304030329507607 146.25541687384094 146.25000000000003
0.0011304030329507607 146.25541687384094 168.74999999999997
0.0011304030329507607 146.25541687384094 191.25000000000003
0.0011304030329507607 146.25541687384094 213.74999999999997
0.0011304030329507607 146.25541687384094 236.25000000000003
0.0011304030329507607 146.25541687384094 258.75
0.0011304030329507607 146.25541687384094 281.25
0.0011304030329507607 146.25541687384094 303.75
0.0011304030329507607 146.25541687384094 326.25
0.0011304030329507607 146.25541687384094 348.75
0.0012217796216729766 142.54751212462062 11.25
0.0012217796216729766 142.54751212462062 33.75
0.0012217796216729766 142.54751212462062 56.25
0.0012217796216729766 142.54751212462062 78.75
0.0012217796216729766 142.54751212462062 101.24999999999999
0.0012217796216729766 142.54751212462062 123.74999999999999
0.0012217796216729766 142.54751212462062 146.25000000000003
0.0012217796216729766 142.54751212462062 168.74999999999997
0.0012217796216729766 142.54751212462062 191.25000000000003
0.0012217796216729766 142.54751212462062 213.74999999999997
0.0012217796216729766 142.54751212462062 236.25000000000003
0.0012217796216729766 142.54751212462062 258.75
0.0012217796216729766 142.54751212462062 281.25
0.0012217796216729766 142.54751212462062 303.75
0.0012217796216729766 142.54751212462062 326.25
0.0012217796216729766 142.54751212462062 348.75
0.0013017488160460436 138.89011391655612 11.25
0.0013017488160460436 138.89011391655612 33.75
0.0013017488160460436 138.89011391655612 56.25
0.0013017488160460436 138.89011391655612 78.75
0.0013017488160460436 138.89011391655612 101.24999999999999
0.0013017488160460436 138.89011391655612 123.74999999999999
0.0013017488160460436 138.89011391655612 146.25000000000003
0.0013017488160460436 138.89011391655612 168.74999999999997
0.0013017488160460436 138.89011391655612 191.25000000000003
0.0013017488160460436 138.89011391655612 213.74999999999997
0.0013017488160460436 138.89011391655612 236.25000000000003
0.0013017488160460436 138.89011391655612 258.75
0.0013017488160460436 138.89011391655612 281.25
0.0013017488160460436 138.89011391655612 303.75
0.0013017488160460436 138.89011391655612 326.25
0.0013017488160460436 138.89011391655612 348.75
0.0013695639531938098 135.28991371686362 11.25
0.0013695639531938098 135.28991371686362 33.75
0.0013695639531938098 135.28991371686362 56.25
0.0013695639531938098 135.28991371686362 78.75
0.0013695639531938098 135.28991371686362 101.24999999999999
0.0013695639531938098 135.28991371686362 123.74999999999999
0.0013695639531938098 135.28991371686362 146.25000000000003
0.0013695639531938098 135.28991371686362 168.74999999999997
0.0013695639531938098 135.28991371686362 191.25000000000003
0.0013695639531938098 135.28991371686362 213.74999999999997
0.0013695639531938098 135.28991371686362 236.25000000000003
0.0013695639531938098 135.28991371686362 258.75
0.0013695639531938098 135.28991371686362 281.25
0.0013695639531938098 135.28991371686362 303.75
0.0013695639531938098 135.28991371686362 326.25
0.0013695639531938098 135.28991371686362 348.75
0.0014245918546213123 131.75404240538185 11.25
0.0014245918546213123 131.75404240538185 33.75
0.0014245918546213123 131.75404240538185 56.25
0.0014245918546213123 131.75404240538185 78.75
0.0014245918546213123 131.75404240538185 101.24999999999999
0.0014245918546213123 131.75404240538185 123.74999999999999
0.0014245918546213123 131.75404240538185 146.25000000000003
0.0014245918546213123 131.75404240538185 168.74999999999997
0.0014245918546213123 131.75404240538185 191.25000000000003
0.0014245918546213123 131.75404240538185 213.74999999999997
0.0014245918546213123 131.75404240538185 236.25000000000003
0.0014245918546213123 131.75404240538185 258.75
0.0014245918546213123 131.75404240538185 281.25
0.0014245918546213123 131.75404240538185 303.75
0.0014245918546213123 131.75404240538185 326.25
0.0014245918546213123 131.75404240538185 348.75
0.0014663187356375703 128.29011884870374 11.25
0.0014663187356375703 128.29011884870374 33.75
0.0014663187356375703 128.29011884870374 56.25
0.0014663187356375703 128.29011884870374 78.75
0.0014663187356375703 128.29011884870374 101.24999999999999
0.0014663187356375703 128.29011884870374 123.74999999999999
0.0014663187356375703 128.29011884870374 146.25000000000003
0.0014663187356375703 128.29011884870374 168.74999999999997
0.0014663187356375703 128.29011884870374 191.25000000000003
0.0014663187356375703 128.29011884870374 213.74999999999997
0.0014663187356375703 128.29011884870374 236.25000000000003
0.0014663187356375703 128.29011884870374 258.75
0.0014663187356375703 128.29011884870374 281.25
0.0014663187356375703 128.29011884870374 303.75
0.0014663187356375703 128.29011884870374 326.25
0.0014663187356375703 128.29011884870374 348.75
0.0014943550012386708 124.90629513709278 11.25
0.0014943550012386708 124.90629513709278 33.75
0.0014943550012386708 124.90629513709278 56.25
0.0014943550012386708 124.90629513709278 78.75
0.0014943550012386708 124.90629513709278 101.24999999999999
0.0014943550012386708 124.90629513709278 123.74999999999999
0.0014943550012386708 124.90629513709278 146.25000000000003
0.0014943550012386708 124.90629513709278 168.74999999999997
0.0014943550012386708 124.90629513709278 191.25000000000003
0.0014943550012386708 124.90629513709278 213.74999999999997
0.0014943550012386708 124.90629513709278 236.25000000000003
0.0014943550012386708 124.90629513709278 258.75
0.0014943550012386708 124.90629513709278 281.25
0.0014943550012386708 124.90629513709278 303.75
0.0014943550012386708 124.90629513709278 326.25
0.0014943550012386708 124.90629513709278 348.75
0.001508438883042624 121.61129714747442 11.25
0.001508438883042624 121.61129714747442 33.75
0.001508438883042624 121.61129714747442 56.25
0.001508438883042624 121.61129714747442 78.75
0.001508438883042624 121.61129714747442 101.24999999999999
0.001508438883042624 121.61129714747442 123.74999999999999
0.001508438883042624 121.61129714747442 146.25000000000003
0.001508438883042624 121.61129714747442 168.74999999999997
0.001508438883042624 121.61129714747442 191.25000000000003
0.001508438883042624 121.61129714747442 213.74999999999997
0.001508438883042624 121.61129714747442 236.25000000000003
0.001508438883042624 121.61129714747442 258.75
0.001508438883042624 121.61129714747442 281.25
0.001508438883042624 121.61129714747442 303.75
0.001508438883042624 121.61129714747442 326.25
0.001508438883042624 121.61129714747442 348.75
0.001508438883042624 118.41445819355053 11.25
0.001508438883042624 118.41445819355053 33.75
0.001508438883042624 118.41445819355053 56.25
0.001508438883042624 118.41445819355053 78.75
0.001508438883042624 118.41445819355053 101.24999999999999
0.001508438883042624 118.41445819355053 123.74999999999999
0.001508438883042624 118.41445819355053 146.25000000000003
0.001508438883042624 118.41445819355053 168.74999999999997
0.001508438883042624 118.41445819355053 191.25000000000003
0.001508438883042624 118.41445819355053 213.74999999999997
0.001508438883042624 118.41445819355053 236.25000000000003
0.001508438883042624 118.41445819355053 258.75
0.001508438883042624 118.41445819355053 281.25
0.001508438883042624 118.41445819355053 303.75
0.001508438883042624 118.41445819355053 326.25
0.001508438883042624 118.41445819355053 348.75
0.0014943550012386708 115.32574265657357 11.25
0.0014943550012386708 115.32574265657357 33.75
0.0014943550012386708 115.32574265657357 56.25
0.0014943550012386708 115.32574265657357 78.75
0.0014943550012386708 115.32574265657357 101.24999999999999
0.0014943550012386708 115.32574265657357 123.74999999999999
0.0014943550012386708 115.32574265657357 146.25000000000003
0.0014943550012386708 115.32574265657357 168.74999999999997
0.0014943550012386708 115.32574265657357 191.25000000000003
0.0014943550012386708 115.32574265657357 213.74999999999997
0.0014943550012386708 115.32574265657357 236.25000000000003
0.0014943550012386708 115.32574265657357 258.75
0.0014943550012386708 115.32574265657357 281.25
0.0014943550012386708 115.32574265657357 303.75
0.0014943550012386708 115.32574265657357 326.25
0.0014943550012386708 115.32574265657357 348.75
0.0014663187356375703 112.35575561142102 11.25
0.0014663187356375703 112.35575561142102 33.75
0.0014663187356375703 112.35575561142102 56.25
0.0014663187356375703 112.35575561142102 78.75
0.0014663187356375703 112.35575561142102 101.24999999999999
0.0014663187356375703 112.35575561142102 123.74999999999999
0.0014663187356375703 112.35575561142102 146.25000000000003
0.0014663187356375703 112.35575561142102 168.74999999999997
0.0014663187356375703 112.35575561142102 191.25000000000003
0.0014663187356375703 112.35575561142102 213.74999999999997
0.0014663187356375703 112.35575561142102 236.25000000000003
0.0014663187356375703 112.35575561142102 258.75
0.0014663187356375703 112.35575561142102 281.25
0.0014663187356375703 112.35575561142102 303.75
0.0014663187356375703 112.35575561142102 326.25
0.0014663187356375703 112.35575561142102 348.75
0.0014245918546213123 109.51573359492909 11.25
0.0014245918546213123 109.51573359492909 33.75
0.0014245918546213123 109.51573359492909 56.25
0.0014245918546213123 109.51573359492909 78.75
0.0014245918546213123 109.51573359492909 101.24999999999999
0.0014245918546213123 109.51573359492909 123.74999999999999
0.0014245918546213123 109.51573359492909 146.25000000000003
0.0014245918546213123 109.51573359492909 168.74999999999997
0.0014245918546213123 109.51573359492909 191.25000000000003
0.0014245918546213123 109.51573359492909 213.74999999999997
0.0014245918546213123 109.51573359492909 236.25000000000003
0.0014245918546213123 109.51573359492909 258.75
0.0014245918546213123 109.51573359492909 281.25
0.0014245918546213123 109.51573359492909 303.75
0.0014245918546213123 109.51573359492909 326.25
0.0014245918546213123 109.51573359492909 348.75
0.0013695639531938098 106.81751088626692 11.25
0.0013695639531938098 106.81751088626692 33.75
0.0013695639531938098 106.81751088626692 56.25
0.0013695639531938098 106.81751088626692 78.75
0.0013695639531938098 106.81751088626692 101.24999999999999
0.0013695639531938098 106.81751088626692 123.74999999999999
0.0013695639531938098 106.81751088626692 146.25000000000003
0.0013695639531938098 106.81751088626692 168.74999999999997
0.0013695639531938098 106.81751088626692 191.25000000000003
0.0013695639531938098 106.81751088626692 213.74999999999997
0.0013695639531938098 106.81751088626692 236.25000000000003
0.0013695639531938098 106.81751088626692 258.75
0.0013695639531938098 106.81751088626692 281.25
0.0013695639531938098 106.81751088626692 303.75
0.0013695639531938098 106.81751088626692 326.25
0.0013695639531938098 106.81751088626692 348.75
0.0013017488160460436 104.27345511911163 11.25
0.0013017488160460436 104.27345511911163 33.75
0.0013017488160460436 104.27345511911163 56.25
0.0013017488160460436 104.27345511911163 78.75
0.0013017488160460436 104.27345511911163 101.24999999999999
0.0013017488160460436 104.27345511911163 123.74999999999999
0.0013017488160460436 104.27345511911163 146.25000000000003
0.0013017488160460436 104.27345511911163 168.74999999999997
0.0013017488160460436 104.27345511911163 191.25000000000003
0.0013017488160460436 104.27345511911163 213.74999999999997
0.0013017488160460436 104.27345511911163 236.25000000000003
0.0013017488160460436 104.27345511911163 258.75
0.0013017488160460436 104.27345511911163 281.25
0.0013017488160460436 104.27345511911163 303.75
0.0013017488160460436 104.27345511911163 326.25
0.0013017488160460436 104.27345511911163 348.75
0.0012217796216729766 101.8963659174049 11.25
0.0012217796216729766 101.8963659174049 33.75
0.0012217796216729766 101.8963659174049 56.25
0.0012217796216729766 101.8963659174049 78.75
0.0012217796216729766 101.8963659174049 101.24999999999999
0.0012217796216729766 101.8963659174049 123.74999999999999
0.0012217796216729766 101.8963659174049 146.25000000000003
0.0012217796216729766 101.8963659174049 168.74999999999997
0.0012217796216729766 101.8963659174049 191.25000000000003
0.0012217796216729766 101.8963659174049 213.74999999999997
0.0012217796216729766 101.8963659174049 236.25000000000003
0.0012217796216729766 101.8963659174049 258.75
0.0012217796216729766 101.8963659174049 281.25
0.0012217796216729766 101.8963659174049 303.75
0.0012217796216729766 101.8963659174049 326.25
0.0012217796216729766 101.8963659174049 348.75
0.0011304030329507607 99.69933078517329 11.25
0.0011304030329507607 99.69933078517329 33.75
0.0011304030329507607 99.69933078517329 56.25
0.0011304030329507607 99.69933078517329 78.75
0.0011304030329507607 99.69933078517329 101.24999999999999
0.0011304030329507607 99.69933078517329 123.74999999999999
0.0011304030329507607 99.69933078517329 146.25000000000003
0.0011304030329507607 99.69933078517329 168.74999999999997
0.0011304030329507607 99.69933078517329 191.25000000000003
0.0011304030329507607 99.69933078517329 213.74999999999997
0.0011304030329507607 99.69933078517329 236.25000000000003
0.0011304030329507607 99.69933078517329 258.75
0.0011304030329507607 99.69933078517329 281.25
0.0011304030329507607 99.69933078517329 303.75
0.0011304030329507607 99.69933078517329 326.25
0.0011304030329507607 99.69933078517329 348.75
0.0010284722308806541 97.69553395350071 11.25
0.0010284722308806541 97.69553395350071 33.75
0.0010284722308806541 97.69553395350071 56.25
0.0010284722308806541 97.69553395350071 78.75
0.0010284722308806541 97.69553395350071 101.24999999999999
0.0010284722308806541 97.69553395350071 123.74999999999999
0.0010284722308806541 97.69553395350071 146.25000000000003
0.0010284722308806541 97.69553395350071 168.74999999999997
0.0010284722308806541 97.69553395350071 191.25000000000003
0.0010284722308806541 97.69553395350071 213.74999999999997
0.0010284722308806541 97.69553395350071 236.25000000000003
0.0010284722308806541 97.69553395350071 258.75
0.0010284722308806541 97.69553395350071 281.25
0.0010284722308806541 97.69553395350071 303.75
0.0010284722308806541 97.69553395350071 326.25
0.0010284722308806541 97.69553395350071 348.75
0.0009169389606021122 95.89801652966429 11.25
0.0009169389606021122 95.89801652966429 33.75
0.0009169389606021122 95.89801652966429 56.25
0.0009169389606021122 95.89801652966429 78.75
0.0009169389606021122 95.89801652966429 101.24999999999999
0.0009169389606021122 95.89801652966429 123.74999999999999
0.0009169389606021122 95.89801652966429 146.25000000000003
0.0009169389606021122 95.89801652966429 168.74999999999997
0.0009169389606021122 95.89801652966429 191.25000000000003
0.0009169389606021122 95.89801652966429 213.74999999999997
0.0009169389606021122 95.89801652966429 236.25000000000003
0.0009169389606021122 95.89801652966429 258.75
0.0009169389606021122 95.89801652966429 281.25
0.0009169389606021122 95.89801652966429 303.75
0.0009169389606021122 95.89801652966429 326.25
0.0009169389606021122 95.89801652966429 348.75
0.0007968446759746282 94.31939022240624 11.25
0.0007968446759746282 94.31939022240624 33.75
0.0007968446759746282 94.31939022240624 56.25
0.0007968446759746282 94.31939022240624 78.75
0.0007968446759746282 94.31939022240624 101.24999999999999
0.0007968446759746282 94.31939022240624 123.74999999999999
0.0007968446759746282 94.31939022240624 146.25000000000003
0.0007968446759746282 94.31939022240624 168.74999999999997
0.0007968446759746282 94.31939022240624 191.25000000000003
0.0007968446759746282 94.31939022240624 213.74999999999997
0.0007968446759746282 94.31939022240624 236.25000000000003
0.0007968446759746282 94.31939022240624 258.75
0.0007968446759746282 94.31939022240624 281.25
0.0007968446759746282 94.31939022240624 303.75
0.0007968446759746282 94.31939022240624 326.25
0.0007968446759746282 94.31939022240624 348.75
0.0006693109065972928 92.97151201789202 11.25
0.0006693109065972928 92.97151201789202 33.75
0.0006693109065972928 92.97151201789202 56.25
0.0006693109065972928 92.97151201789202 78.75
0.0006693109065972928 92.97151201789202 101.24999999999999
0.0006693109065972928 92.97151201789202 123.74999999999999
0.0006693109065972928 92.97151201789202 146.25000000000003
0.0006693109065972928 92.97151201789202 168.74999999999997
0.0006693109065972928 92.97151201789202 191.25000000000003
0.0006693109065972928 92.97151201789202 213.74999999999997
0.0006693109065972928 92.97151201789202 236.25000000000003
0.0006693109065972928 92.97151201789202 258.75
0.0006693109065972928 92.97151201789202 281.25
0.0006693109065972928 92.97151201789202 303.75
0.0006693109065972928 92.97151201789202 326.25
0.0006693109065972928 92.97151201789202 348.75
0.00053552910801596 91.86513294993723 11.25
0.00053552910801596 91.86513294993723 33.75
0.00053552910801596 91.86513294993723 56.25
0.00053552910801596 91.86513294993723 78.75
0.00053552910801596 91.86513294993723 101.24999999999999
0.00053552910801596 91.86513294993723 123.74999999999999
0.00053552910801596 91.86513294993723 146.25000000000003
0.00053552910801596 91.86513294993723 168.74999999999997
0.00053552910801596 91.86513294993723 191.25000000000003
0.00053552910801596 91.86513294993723 213.74999999999997
0.00053552910801596 91.86513294993723 236.25000000000003
0.00053552910801596 91.86513294993723 258.75
0.00053552910801596 91.86513294993723 281.25
0.00053552910801596 91.86513294993723 303.75
0.00053552910801596 91.86513294993723 326.25
0.00053552910801596 91.86513294993723 348.75
0.0003967510204572213 91.00953925277246 11.25
0.0003967510204572213 91.00953925277246 33.75
0.0003967510204572213 91.00953925277246 56.25
0.0003967510204572213 91.00953925277246 78.75
0.0003967510204572213 91.00953925277246 101.24999999999999
0.0003967510204572213 91.00953925277246 123.74999999999999
0.0003967510204572213 91.00953925277246 146.25000000000003
0.0003967510204572213 91.00953925277246 168.74999999999997
0.0003967510204572213 91.00953925277246 191.25000000000003
0.0003967510204572213 91.00953925277246 213.74999999999997
0.0003967510204572213 91.00953925277246 236.25000000000003
0.0003967510204572213 91.00953925277246 258.75
0.0003967510204572213 91.00953925277246 281.25
0.0003967510204572213 91.00953925277246 303.75
0.0003967510204572213 91.00953925277246 326.25
0.0003967510204572213 91.00953925277246 348.75
0.0002542874176704019 90.41220338681198 11.25
0.0002542874176704019 90.41220338681198 33.75
0.0002542874176704019 90.41220338681198 56.25
0.0002542874176704019 90.41220338681198 78.75
0.0002542874176704019 90.41220338681198 101.24999999999999
0.0002542874176704019 90.41220338681198 123.74999999999999
0.0002542874176704019 90.41220338681198 146.25000000000003
0.0002542874176704019 90.41220338681198 168.74999999999997
0.0002542874176704019 90.41220338681198 191.25000000000003
0.0002542874176704019 90.41220338681198 213.74999999999997
0.0002542874176704019 90.41220338681198 236.25000000000003
0.0002542874176704019 90.41220338681198 258.75
0.0002542874176704019 90.41220338681198 281.25
0.0002542874176704019 90.41220338681198 303.75
0.0002542874176704019 90.41220338681198 326.25
0.0002542874176704019 90.41220338681198 348.75
0.00010966578139796137 90.07838460854566 11.25
0.00010966578139796137 90.07838460854566 33.75
0.00010966578139796137 90.07838460854566 56.25
0.00010966578139796137 90.07838460854566 78.75
0.00010966578139796137 90.07838460854566 101.24999999999999
0.00010966578139796137 90.07838460854566 123.74999999999999
0.00010966578139796137 90.07838460854566 146.25000000000003
0.00010966578139796137 90.07838460854566 168.74999999999997
0.00010966578139796137 90.07838460854566 191.25000000000003
0.00010966578139796137 90.07838460854566 213.74999999999997
0.00010966578139796137 90.07838460854566 236.25000000000003
0.00010966578139796137 90.07838460854566 258.75
0.00010966578139796137 90.07838460854566 281.25
0.00010966578139796137 90.07838460854566 303.75
0.00010966578139796137 90.07838460854566 326.25
0.00010966578139796137 90.07838460854566 348.75
0.00010966578139796137 89.92161539145432 11.25
0.00010966578139796137 89.92161539145432 33.75
0.00010966578139796137 89.92161539145432 56.25
0.00010966578139796137 89.92161539145432 78.75
0.00010966578139796137 89.92161539145432 101.24999999999999
0.00010966578139796137 89.92161539145432 123.74999999999999
0.00010966578139796137 89.92161539145432 146.25000000000003
0.00010966578139796137 89.92161539145432 168.74999999999997
0.00010966578139796137 89.92161539145432 191.25000000000003
0.00010966578139796137 89.92161539145432 213.74999999999997
0.00010966578139796137 89.92161539145432 236.25000000000003
0.00010966578139796137 89.92161539145432 258.75
0.00010966578139796137 89.92161539145432 281.25
0.00010966578139796137 89.92161539145432 303.75
0.00010966578139796137 89.92161539145432 326.25
0.00010966578139796137 89.92161539145432 348.75
0.0002542874176704019 89.58779661318802 11.25
0.0002542874176704019 89.58779661318802 33.75
0.0002542874176704019 89.58779661318802 56.25
0.0002542874176704019 89.58779661318802 78.75
0.0002542874176704019 89.58779661318802 101.24999999999999
0.0002542874176704019 89.58779661318802 123.74999999999999
0.0002542874176704019 89.58779661318802 146.25000000000003
0.0002542874176704019 89.58779661318802 168.74999999999997
0.0002542874176704019 89.58779661318802 191.25000000000003
0.0002542874176704019 89.58779661318802 213.74999999999997
0.0002542874176704019 89.58779661318802 236.25000000000003
0.0002542874176704019 89.58779661318802 258.75
0.0002542874176704019 89.58779661318802 281.25
0.0002542874176704019 89.58779661318802 303.75
0.0002542874176704019 89.58779661318802 326.25
0.0002542874176704019 89.58779661318802 348.75
0.0003967510204572213 88.99046074722756 11.25
0.0003967510204572213 88.99046074722756 33.75
0.0003967510204572213 88.99046074722756 56.25
0.0003967510204572213 88.99046074722756 78.75
0.0003967510204572213 88.99046074722756 101.24999999999999
0.0003967510204572213 88.99046074722756 123.74999999999999
0.0003967510204572213 88.99046074722756 146.25000000000003
0.0003967510204572213 88.99046074722756 168.74999999999997
0.0003967510204572213 88.99046074722756 191.25000000000003
0.0003967510204572213 88.99046074722756 213.74999999999997
0.0003967510204572213 88.99046074722756 236.25000000000003
0.0003967510204572213 88.99046074722756 258.75
0.0003967510204572213 88.99046074722756 281.25
0.0003967510204572213 88.99046074722756 303.75
0.0003967510204572213 88.99046074722756 326.25
0.0003967510204572213 88.99046074722756 348.75
0.00053552910801596 88.13486705006278 11.25
0.00053552910801596 88.13486705006278 33.75
0.00053552910801596 88.13486705006278 56.25
0.00053552910801596 88.13486705006278 78.75
0.00053552910801596 88.13486705006278 101.24999999999999
0.00053552910801596 88.13486705006278 123.74999999999999
0.00053552910801596 88.13486705006278 146.25000000000003
0.00053552910801596 88.13486705006278 168.74999999999997
0.00053552910801596 88.13486705006278 191.25000000000003
0.00053552910801596 88.13486705006278 213.74999999999997
0.00053552910801596 88.13486705006278 236.25000000000003
0.00053552910801596 88.13486705006278 258.75
0.00053552910801596 88.13486705006278 281.25
0.00053552910801596 88.13486705006278 303.75
0.00053552910801596 88.13486705006278 326.25
0.00053552910801596 88.13486705006278 348.75
0.0006693109065972928 87.02848798210798 11.25
0.0006693109065972928 87.02848798210798 33.75
0.0006693109065972928 87.02848798210798 56.25
0.0006693109065972928 87.02848798210798 78.75
0.0006693109065972928 87.02848798210798 101.24999999999999
0.0006693109065972928 87.02848798210798 123.74999999999999
0.0006693109065972928 87.02848798210798 146.25000000000003
0.0006693109065972928 87.02848798210798 168.74999999999997
0.0006693109065972928 87.02848798210798 191.25000000000003
0.0006693109065972928 87.02848798210798 213.74999999999997
0.0006693109065972928 87.02848798210798 236.25000000000003
0.0006693109065972928 87.02848798210798 258.75
0.0006693109065972928 87.02848798210798 281.25
0.0006693109065972928 87.02848798210798 303.75
0.0006693109065972928 87.02848798210798 326.25
0.0006693109065972928 87.02848798210798 348.75
0.0007968446759746282 85.68060977759376 11.25
0.0007968446759746282 85.68060977759376 33.75
0.0007968446759746282 85.68060977759376 56.25
0.0007968446759746282 85.68060977759376 78.75
0.0007968446759746282 85.68060977759376 101.24999999999999
0.0007968446759746282 85.68060977759376 123.74999999999999
0.0007968446759746282 85.68060977759376 146.25000000000003
0.0007968446759746282 85.68060977759376 168.74999999999997
0.0007968446759746282 85.68060977759376 191.25000000000003
0.0007968446759746282 85.68060977759376 213.74999999999997
0.0007968446759746282 85.68060977759376 236.25000000000003
0.0007968446759746282 85.68060977759376 258.75
0.0007968446759746282 85.68060977759376 281.25
0.0007968446759746282 85.68060977759376 303.75
0.0007968446759746282 85.68060977759376 326.25
0.0007968446759746282 85.68060977759376 348.75
0.0009169389606021122 84.10198347033574 11.25
0.0009169389606021122 84.10198347033574 33.75
0.0009169389606021122 84.10198347033574 56.25
0.0009169389606021122 84.10198347033574 78.75
0.0009169389606021122 84.10198347033574 101.24999999999999
0.0009169389606021122 84.10198347033574 123.74999999999999
0.0009169389606021122 84.10198347033574 146.25000000000003
0.0009169389606021122 84.10198347033574 168.74999999999997
0.0009169389606021122 84.10198347033574 191.25000000000003
0.0009169389606021122 84.10198347033574 213.74999999999997
0.0009169389606021122 84.10198347033574 236.25000000000003
0.0009169389606021122 84.10198347033574 258.75
0.0009169389606021122 84.10198347033574 281.25
0.0009169389606021122 84.10198347033574 303.75
0.0009169389606021122 84.10198347033574 326.25
0.0009169389606021122 84.10198347033574 348.75
0.0010284722308806541 82.30446604649929 11.25
0.0010284722308806541 82.30446604649929 33.75
0.0010284722308806541 82.30446604649929 56.25
0.0010284722308806541 82.30446604649929 78.75
0.0010284722308806541 82.30446604649929 101.24999999999999
0.0010284722308806541 82.30446604649929 123.74999999999999
0.0010284722308806541 82.30446604649929 146.25000000000003
0.0010284722308806541 82.30446604649929 168.74999999999997
0.0010284722308806541 82.30446604649929 191.25000000000003
0.0010284722308806541 82.30446604649929 213.74999999999997
0.0010284722308806541 82.30446604649929 236.25000000000003
0.0010284722308806541 82.30446604649929 258.75
0.0010284722308806541 82.30446604649929 281.25
0.0010284722308806541 82.30446604649929 303.75
0.0010284722308806541 82.30446604649929 326.25
0.0010284722308806541 82.30446604649929 348.75
0.0011304030329507607 80.3006692148267 11.25
0.0011304030329507607 80.3006692148267 33.75
0.0011304030329507607 80.3006692148267 56.25
0.0011304030329507607 80.3006692148267 78.75
0.0011304030329507607 80.3006692148267 101.24999999999999
0.0011304030329507607 80.3006692148267 123.74999999999999
0.0011304030329507607 80.3006692148267 146.25000000000003
0.0011304030329507607 80.3006692148267 168.74999999999997
0.0011304030329507607 80.3006692148267 191.25000000000003
0.0011304030329507607 80.3006692148267 213.74999999999997
0.0011304030329507607 80.3006692148267 236.25000000000003
0.0011304030329507607 80.3006692148267 258.75
0.0011304030329507607 80.3006692148267 281.25
0.0011304030329507607 80.3006692148267 303.75
0.0011304030329507607 80.3006692148267 326.25
0.0011304030329507607 80.3006692148267 348.75
0.0012217796216729766 78.10363408259511 11.25
0.0012217796216729766 78.10363408259511 33.75
0.0012217796216729766 78.10363408259511 56.25
0.0012217796216729766 78.10363408259511 78.75
0.0012217796216729766 78.10363408259511 101.24999999999999
0.0012217796216729766 78.10363408259511 123.74999999999999
0.0012217796216729766 78.10363408259511 146.25000000000003
0.0012217796216729766 78.10363408259511 168.74999999999997
0.0012217796216729766 78.10363408259511 191.25000000000003
0.0012217796216729766 78.10363408259511 213.74999999999997
0.0012217796216729766 78.10363408259511 236.25000000000003
0.0012217796216729766 78.10363408259511 258.75
0.0012217796216729766 78.10363408259511 281.25
0.0012217796216729766 78.10363408259511 303.75
0.0012217796216729766 78.10363408259511 326.25
0.0012217796216729766 78.10363408259511 348.75
0.0013017488160460436 75.72654488088837 11.25
0.0013017488160460436 75.72654488088837 33.75
0.0013017488160460436 75.72654488088837 56.25
0.0013017488160460436 75.72654488088837 78.75
0.0013017488160460436 75.72654488088837 101.24999999999999
0.0013017488160460436 75.72654488088837 123.74999999999999
0.0013017488160460436 75.72654488088837 146.25000000000003
0.0013017488160460436 75.72654488088837 168.74999999999997
0.0013017488160460436 75.72654488088837 191.25000000000003
0.0013017488160460436 75.72654488088837 213.74999999999997
0.0013017488160460436 75.72654488088837 236.25000000000003
0.0013017488160460436 75.72654488088837 258.75
0.0013017488160460436 75.72654488088837 281.25
0.0013017488160460436 75.72654488088837 303.75
0.0013017488160460436 75.72654488088837 326.25
0.0013017488160460436 75.72654488088837 348.75
0.0013695639531938098 73.1824891137331 11.25
0.0013695639531938098 73.1824891137331 33.75
0.0013695639531938098 73.1824891137331 56.25
0.0013695639531938098 73.1824891137331 78.75
0.0013695639531938098 73.1824891137331 101.24999999999999
0.0013695639531938098 73.1824891137331 123.74999999999999
0.0013695639531938098 73.1824891137331 146.25000000000003
0.0013695639531938098 73.1824891137331 168.74999999999997
0.0013695639531938098 73.1824891137331 191.25000000000003
0.0013695639531938098 73.1824891137331 213.74999999999997
0.0013695639531938098 73.1824891137331 236.25000000000003
0.0013695639531938098 73.1824891137331 258.75
0.0013695639531938098 73.1824891137331 281.25
0.0013695639531938098 73.1824891137331 303.75
0.0013695639531938098 73.1824891137331 326.25
0.0013695639531938098 73.1824891137331 348.75
0.0014245918546213123 70.48426640507093 11.25
0.0014245918546213123 70.48426640507093 33.75
0.0014245918546213123 70.48426640507093 56.25
0.0014245918546213123 70.48426640507093 78.75
0.0014245918546213123 70.48426640507093 101.24999999999999
0.0014245918546213123 70.48426640507093 123.74999999999999
0.0014245918546213123 70.48426640507093 146.25000000000003
0.0014245918546213123 70.48426640507093 168.74999999999997
0.0014245918546213123 70.48426640507093 191.25000000000003
0.0014245918546213123 70.48426640507093 213.74999999999997
0.0014245918546213123 70.48426640507093 236.25000000000003
0.0014245918546213123 70.48426640507093 258.75
0.0014245918546213123 70.48426640507093 281.25
0.0014245918546213123 70.48426640507093 303.75
0.0014245918546213123 70.48426640507093 326.25
0.0014245918546213123 70.48426640507093 348.75
0.0014663187356375703 67.644244388579 11.25
0.0014663187356375703 67.644244388579 33.75
0.0014663187356375703 67.644244388579 56.25
0.0014663187356375703 67.644244388579 78.75
0.0014663187356375703 67.644244388579 101.24999999999999
0.0014663187356375703 67.644244388579 123.74999999999999
0.0014663187356375703 67.644244388579 146.25000000000003
0.0014663187356375703 67.644244388579 168.74999999999997
0.0014663187356375703 67.644244388579 191.25000000000003
0.0014663187356375703 67.644244388579 213.74999999999997
0.0014663187356375703 67.644244388579 236.25000000000003
0.0014663187356375703 67.644244388579 258.75
0.0014663187356375703 67.644244388579 281.25
0.0014663187356375703 67.644244388579 303.75
0.0014663187356375703 67.644244388579 326.25
0.0014663187356375703 67.644244388579 348.75
0.0014943550012386708 64.67425734342643 11.25
0.0014943550012386708 64.67425734342643 33.75
0.0014943550012386708 64.67425734342643 56.25
0.0014943550012386708 64.67425734342643 78.75
0.0014943550012386708 64.67425734342643 101.24999999999999
0.0014943550012386708 64.67425734342643 123.74999999999999
0.0014943550012386708 64.67425734342643 146.25000000000003
0.0014943550012386708 64.67425734342643 168.74999999999997
0.0014943550012386708 64.67425734342643 191.25000000000003
0.0014943550012386708 64.67425734342643 213.74999999999997
0.0014943550012386708 64.67425734342643 236.25000000000003
0.0014943550012386708 64.67425734342643 258.75
0.0014943550012386708 64.67425734342643 281.25
0.0014943550012386708 64.67425734342643 303.75
0.0014943550012386708 64.67425734342643 326.25
0.0014943550012386708 64.67425734342643 348.75
0.001508438883042624 61.58554180644948 11.25
0.001508438883042624 61.58554180644948 33.75
0.001508438883042624 61.58554180644948 56.25
0.001508438883042624 61.58554180644948 78.75
0.001508438883042624 61.58554180644948 101.24999999999999
0.001508438883042624 61.58554180644948 123.74999999999999
0.001508438883042624 61.58554180644948 146.25000000000003
0.001508438883042624 61.58554180644948 168.74999999999997
0.001508438883042624 61.58554180644948 191.25000000000003
0.001508438883042624 61.58554180644948 213.74999999999997
0.001508438883042624 61.58554180644948 236.25000000000003
0.001508438883042624 61.58554180644948 258.75
0.001508438883042624 61.58554180644948 281.25
0.001508438883042624 61.58554180644948 303.75
0.001508438883042624 61.58554180644948 326.25
0.001508438883042624 61.58554180644948 348.75
0.001508438883042624 58.38870285252558 11.25
0.001508438883042624 58.38870285252558 33.75
0.001508438883042624 58.38870285252558 56.25
0.001508438883042624 58.38870285252558 78.75
0.001508438883042624 58.38870285252558 101.24999999999999
0.001508438883042624 58.38870285252558 123.74999999999999
0.001508438883042624 58.38870285252558 146.25000000000003
0.001508438883042624 58.38870285252558 168.74999999999997
0.001508438883042624 58.38870285252558 191.25000000000003
0.001508438883042624 58.38870285252558 213.74999999999997
0.001508438883042624 58.38870285252558 236.25000000000003
0.001508438883042624 58.38870285252558 258.75
0.001508438883042624 58.38870285252558 281.25
0.001508438883042624 58.38870285252558 303.75
0.001508438883042624 58.38870285252558 326.25
0.001508438883042624 58.38870285252558 348.75
0.0014943550012386708 55.093704862907224 11.25
0.0014943550012386708 55.093704862907224 33.75
0.0014943550012386708 55.093704862907224 56.25
0.0014943550012386708 55.093704862907224 78.75
0.0014943550012386708 55.093704862907224 101.24999999999999
0.0014943550012386708 55.093704862907224 123.74999999999999
0.0014943550012386708 55.093704862907224 146.25000000000003
0.0014943550012386708 55.093704862907224 168.74999999999997
0.0014943550012386708 55.093704862907224 191.25000000000003
0.0014943550012386708 55.093704862907224 213.74999999999997
0.0014943550012386708 55.093704862907224 236.25000000000003
0.0014943550012386708 55.093704862907224 258.75
0.0014943550012386708 55.093704862907224 281.25
0.0014943550012386708 55.093704862907224 303.75
0.0014943550012386708 55.093704862907224 326.25
0.0014943550012386708 55.093704862907224 348.75
0.0014663187356375703 51.709881151296266 11.25
0.0014663187356375703 51.709881151296266 33.75
0.0014663187356375703 51.709881151296266 56.25
0.0014663187356375703 51.709881151296266 78.75
0.0014663187356375703 51.709881151296266 101.24999999999999
0.0014663187356375703 51.709881151296266 123.74999999999999
0.0014663187356375703 51.709881151296266 146.25000000000003
0.0014663187356375703 51.709881151296266 168.74999999999997
0.0014663187356375703 51.709881151296266 191.25000000000003
0.0014663187356375703 51.709881151296266 213.74999999999997
0.0014663187356375703 51.709881151296266 236.25000000000003
0.0014663187356375703 51.709881151296266 258.75
0.0014663187356375703 51.709881151296266 281.25
0.0014663187356375703 51.709881151296266 303.75
0.0014663187356375703 51.709881151296266 326.25
0.0014663187356375703 51.709881151296266 348.75
0.0014245918546213123 48.24595759461815 11.25
0.0014245918546213123 48.24595759461815 33.75
0.0014245918546213123 48.24595759461815 56.25
0.0014245918546213123 48.24595759461815 78.75
0.0014245918546213123 48.24595759461815 101.24999999999999
0.0014245918546213123 48.24595759461815 123.74999999999999
0.0014245918546213123 48.24595759461815 146.25000000000003
0.0014245918546213123 48.24595759461815 168.74999999999997
0.0014245918546213123 48.24595759461815 191.25000000000003
0.0014245918546213123 48.24595759461815 213.74999999999997
0.0014245918546213123 48.24595759461815 236.25000000000003
0.0014245918546213123 48.24595759461815 258.75
0.0014245918546213123 48.24595759461815 281.25
0.0014245918546213123 48.24595759461815 303.75
0.0014245918546213123 48.24595759461815 326.25
0.0014245918546213123 48.24595759461815 348.75
0.0013695639531938098 44.71008628313636 11.25
0.0013695639531938098 44.71008628313636 33.75
0.0013695639531938098 44.71008628313636 56.25
0.0013695639531938098 44.71008628313636 78.75
0.0013695639531938098 44.71008628313636 101.24999999999999
0.0013695639531938098 44.71008628313636 123.74999999999999
0.0013695639531938098 44.71008628313636 146.25000000000003
0.0013695639531938098 44.71008628313636 168.74999999999997
0.0013695639531938098 44.71008628313636 191.25000000000003
0.0013695639531938098 44.71008628313636 213.74999999999997
0.0013695639531938098 44.71008628313636 236.25000000000003
0.0013695639531938098 44.71008628313636 258.75
0.0013695639531938098 44.71008628313636 281.25
0.0013695639531938098 44.71008628313636 303.75
0.0013695639531938098 44.71008628313636 326.25
0.0013695639531938098 44.71008628313636 348.75
0.0013017488160460436 41.10988608344389 11.25
0.0013017488160460436 41.10988608344389 33.75
0.0013017488160460436 41.10988608344389 56.25
0.0013017488160460436 41.10988608344389 78.75
0.0013017488160460436 41.10988608344389 101.24999999999999
0.0013017488160460436 41.10988608344389 123.74999999999999
0.0013017488160460436 41.10988608344389 146.25000000000003
0.0013017488160460436 41.10988608344389 168.74999999999997
0.0013017488160460436 41.10988608344389 191.25000000000003
0.0013017488160460436 41.10988608344389 213.74999999999997
0.0013017488160460436 41.10988608344389 236.25000000000003
0.0013017488160460436 41.10988608344389 258.75
0.0013017488160460436 41.10988608344389 281.25
0.0013017488160460436 41.10988608344389 303.75
0.0013017488160460436 41.10988608344389 326.25
0.0013017488160460436 41.10988608344389 348.75
0.0012217796216729766 37.45248787537939 11.25
0.0012217796216729766 37.45248787537939 33.75
0.0012217796216729766 37.45248787537939 56.25
0.0012217796216729766 37.45248787537939 78.75
0.0012217796216729766 37.45248787537939 101.24999999999999
0.0012217796216729766 37.45248787537939 123.74999999999999
0.0012217796216729766 37.45248787537939 146.25000000000003
0.0012217796216729766 37.45248787537939 168.74999999999997
0.0012217796216729766 37.45248787537939 191.25000000000003
0.0012217796216729766 37.45248787537939 213.74999999999997
0.0012217796216729766 37.45248787537939 236.25000000000003
0.0012217796216729766 37.45248787537939 258.75
0.0012217796216729766 37.45248787537939 281.25
0.0012217796216729766 37.45248787537939 303.75
0.0012217796216729766 37.45248787537939 326.25
0.0012217796216729766 37.45248787537939 348.75
0.0011304030329507607 33.74458312615907 11.25
0.0011304030329507607 33.74458312615907 33.75
0.0011304030329507607 33.74458312615907 56.25
0.0011304030329507607 33.74458312615907 78.75
0.0011304030329507607 33.74458312615907 101.24999999999999
0.0011304030329507607 33.74458312615907 123.74999999999999
0.0011304030329507607 33.74458312615907 146.25000000000003
0.0011304030329507607 33.74458312615907 168.74999999999997
0.0011304030329507607 33.74458312615907 191.25000000000003
0.0011304030329507607 33.74458312615907 213.74999999999997
0.0011304030329507607 33.74458312615907 236.25000000000003
0.0011304030329507607 33.74458312615907 258.75
0.0011304030329507607 33.74458312615907 281.25
0.0011304030329507607 33.74458312615907 303.75
0.0011304030329507607 33.74458312615907 326.25
0.0011304030329507607 33.74458312615907 348.75
0.0010284722308806541 29.99247556828677 11.25
0.0010284722308806541 29.99247556828677 33.75
0.0010284722308806541 29.99247556828677 56.25
0.0010284722308806541 29.99247556828677 78.75
0.0010284722308806541 29.99247556828677 101.24999999999999
0.0010284722308806541 29.99247556828677 123.74999999999999
0.0010284722308806541 29.99247556828677 146.25000000000003
0.0010284722308806541 29.99247556828677 168.74999999999997
0.0010284722308806541 29.99247556828677 191.25000000000003
0.0010284722308806541 29.99247556828677 213.74999999999997
0.0010284722308806541 29.99247556828677 236.25000000000003
0.0010284722308806541 29.99247556828677 258.75
0.0010284722308806541 29.99247556828677 281.25
0.0010284722308806541 29.99247556828677 303.75
0.0010284722308806541 29.99247556828677 326.25
0.0010284722308806541 29.99247556828677 348.75
0.0009169389606021122 26.20213750861532 11.25
0.0009169389606021122 26.20213750861532 33.75
0.0009169389606021122 26.20213750861532 56.25
0.0009169389606021122 26.20213750861532 78.75
0.0009169389606021122 26.20213750861532 101.24999999999999
0.0009169389606021122 26.20213750861532 123.74999999999999
0.0009169389606021122 26.20213750861532 146.25000000000003
0.0009169389606021122 26.20213750861532 168.74999999999997
0.0009169389606021122 26.20213750861532 191.25000000000003
0.0009169389606021122 26.20213750861532 213.74999999999997
0.0009169389606021122 26.20213750861532 236.25000000000003
0.0009169389606021122 26.20213750861532 258.75
0.0009169389606021122 26.20213750861532 281.25
0.0009169389606021122 26.20213750861532 303.75
0.0009169389606021122 26.20213750861532 326.25
0.0009169389606021122 26.20213750861532 348.75
0.0007968446759746282 22.37927602932913 11.25
0.0007968446759746282 22.37927602932913 33.75
0.0007968446759746282 22.37927602932913 56.25
0.0007968446759746282 22.37927602932913 78.75
0.0007968446759746282 22.37927602932913 101.24999999999999
0.0007968446759746282 22.37927602932913 123.74999999999999
0.0007968446759746282 22.37927602932913 146.25000000000003
0.0007968446759746282 22.37927602932913 168.74999999999997
0.0007968446759746282 22.37927602932913 191.25000000000003
0.0007968446759746282 22.37927602932913 213.74999999999997
0.0007968446759746282 22.37927602932913 236.25000000000003
0.0007968446759746282 22.37927602932913 258.75
0.0007968446759746282 22.37927602932913 281.25
0.0007968446759746282 22.37927602932913 303.75
0.0007968446759746282 22.37927602932913 326.25
0.0007968446759746282 22.37927602932913 348.75
0.0006693109065972928 18.52942433260168 11.25
0.0006693109065972928 18.52942433260168 33.75
0.0006693109065972928 18.52942433260168 56.25
0.0006693109065972928 18.52942433260168 78.75
0.0006693109065972928 18.52942433260168 101.24999999999999
0.0006693109065972928 18.52942433260168 123.74999999999999
0.0006693109065972928 18.52942433260168 146.25000000000003
0.0006693109065972928 18.52942433260168 168.74999999999997
0.0006693109065972928 18.52942433260168 191.25000000000003
0.0006693109065972928 18.52942433260168 213.74999999999997
0.0006693109065972928 18.52942433260168 236.25000000000003
0.0006693109065972928 18.52942433260168 258.75
0.0006693109065972928 18.52942433260168 281.25
0.0006693109065972928 18.52942433260168 303.75
0.0006693109065972928 18.52942433260168 326.25
0.0006693109065972928 18.52942433260168 348.75
0.00053552910801596 14.65810623691977 11.25
0.00053552910801596 14.65810623691977 33.75
0.00053552910801596 14.65810623691977 56.25
0.00053552910801596 14.65810623691977 78.75
0.00053552910801596 14.65810623691977 101.24999999999999
0.00053552910801596 14.65810623691977 123.74999999999999
0.00053552910801596 14.65810623691977 146.25000000000003
0.00053552910801596 14.65810623691977 168.74999999999997
0.00053552910801596 14.65810623691977 191.25000000000003
0.00053552910801596 14.65810623691977 213.74999999999997
0.00053552910801596 14.65810623691977 236.25000000000003
0.00053552910801596 14.65810623691977 258.75
0.00053552910801596 14.65810623691977 281.25
0.00053552910801596 14.65810623691977 303.75
0.00053552910801596 14.65810623691977 326.25
0.00053552910801596 14.65810623691977 348.75
0.0003967510204572213 10.771257317695063 11.25
0.0003967510204572213 10.771257317695063 33.75
0.0003967510204572213 10.771257317695063 56.25
0.0003967510204572213 10.771257317695063 78.75
0.0003967510204572213 10.771257317695063 101.24999999999999
0.0003967510204572213 10.771257317695063 123.74999999999999
0.0003967510204572213 10.771257317695063 146.25000000000003
0.0003967510204572213 10.771257317695063 168.74999999999997
0.0003967510204572213 10.771257317695063 191.25000000000003
0.0003967510204572213 10.771257317695063 213.74999999999997
0.0003967510204572213 10.771257317695063 236.25000000000003
0.0003967510204572213 10.771257317695063 258.75
0.0003967510204572213 10.771257317695063 281.25
0.0003967510204572213 10.771257317695063 303.75
0.0003967510204572213 10.771257317695063 326.25
0.0003967510204572213 10.771257317695063 348.75
0.0002542874176704019 6.876871847458461 11.25
0.0002542874176704019 6.876871847458461 33.75
0.0002542874176704019 6.876871847458461 56.25
0.0002542874176704019 6.876871847458461 78.75
0.0002542874176704019 6.876871847458461 101.24999999999999
0.0002542874176704019 6.876871847458461 123.74999999999999
0.0002542874176704019 6.876871847458461 146.25000000000003
0.0002542874176704019 6.876871847458461 168.74999999999997
0.0002542874176704019 6.876871847458461 191.25000000000003
0.0002542874176704019 6.876871847458461 213.74999999999997
0.0002542874176704019 6.876871847458461 236.25000000000003
0.0002542874176704019 6.876871847458461 258.75
0.0002542874176704019 6.876871847458461 281.25
0.0002542874176704019 6.876871847458461 303.75
0.0002542874176704019 6.876871847458461 326.25
0.0002542874176704019 6.876871847458461 348.75
0.00010966578139796137 2.9973756004545193 11.25
0.00010966578139796137 2.9973756004545193 33.75
0.00010966578139796137 2.9973756004545193 56.25
0.00010966578139796137 2.9973756004545193 78.75
0.00010966578139796137 2.9973756004545193 101.24999999999999
0.00010966578139796137 2.9973756004545193 123.74999999999999
0.00010966578139796137 2.9973756004545193 146.25000000000003
0.00010966578139796137 2.9973756004545193 168.74999999999997
0.00010966578139796137 2.9973756004545193 191.25000000000003
0.00010966578139796137 2.9973756004545193 213.74999999999997
0.00010966578139796137 2.9973756004545193 236.25000000000003
0.00010966578139796137 2.9973756004545193 258.75
0.00010966578139796137 2.9973756004545193 281.25
0.00010966578139796137 2.9973756004545193 303.75
0.00010966578139796137 2.9973756004545193 326.25
0.00010966578139796137 2.9973756004545193 348.75
